0 0.2633159171875 0.297225321875 0.239845946875 0.3234645921875 0.2495222171875 0.37549034375 0.27463916093749996 0.35060836875 0.2633159171875 0.297225321875
0 0.359048340625 0.3003921671875 0.3347551265625 0.322107296875 0.3431960453125 0.373228540625 0.369136475 0.35332296093750004 0.359048340625 0.3003921671875
0 0.2633159171875 0.8061732828125001 0.23819897499999998 0.829245171875 0.24622827187500002 0.8839855156249999 0.271551025 0.8622703859374999 0.2633159171875 0.8061732828125001
0 0.415458496875 0.6989549359375 0.39137109375 0.6890021453124999 0.38663598593750004 0.7432896999999999 0.411958740625 0.7482660937500001 0.415458496875 0.6989549359375
0 0.48154492187500003 0.6519055796875 0.458486815625 0.6577864812499999 0.460751465625 0.708907725 0.485044921875 0.7070981765625 0.48154492187500003 0.6519055796875
0 0.6454226078125 0.8011968890625001 0.622158446875 0.8016491421874999 0.622158446875 0.8563894843750001 0.6464519046875 0.8568417374999999 0.6454226078125 0.8011968890625001
0 0.7992121578125 0.80391094375 0.7755363765625 0.8030064375 0.77512475625 0.8586512875000001 0.80085913125 0.8568417374999999 0.7992121578125 0.80391094375
0 0.6351286625 0.507590665625 0.6118647453125 0.4944710296875 0.6077470703125 0.5437821890625 0.63018774375 0.5546400218749999 0.6351286625 0.507590665625
0 0.6151586921875001 0.309892703125 0.5906594234375 0.32075 0.5951887203124999 0.3700616953125 0.61762915 0.3610134125 0.6151586921875001 0.309892703125
0 0.63018774375 0.13933851875 0.607541259375 0.138886265625 0.6071293953125 0.18729291875 0.630599365625 0.1904597640625 0.63018774375 0.13933851875
0 0.5104035640625 0.279330471875 0.48509301718750003 0.283936159375 0.4879948734375 0.3390225328125 0.512015625 0.3340633046875 0.5104035640625 0.279330471875