0 0.240073975 0.184590128125 0.2184995109375 0.21384227500000003 0.23074023437500002 0.2545257515625 0.2517026359375 0.2299812234375 0.240073975 0.184590128125
0 0.328361084375 0.1623991421875 0.3067866203125 0.188625 0.318109375 0.23300697499999998 0.34060205 0.2071174890625 0.328361084375 0.1623991421875
0 0.2619543453125 0.6633814375 0.23900292968749998 0.6875895921875 0.249560546875 0.7363428109375 0.2717470703125 0.709781115625 0.2619543453125 0.6633814375
0 0.40425439531249996 0.54233851875 0.38069091718750003 0.5413299359375 0.3800788578125 0.5914281109374999 0.40272436562499997 0.5924366953125 0.40425439531249996 0.54233851875
0 0.46683593749999996 0.5349415234375 0.44541430625 0.544692059375 0.449392578125 0.5921003218750001 0.4706611328125 0.5830225328124999 0.46683593749999996 0.5349415234375
0 0.5150341796875 0.8634377687500001 0.4919296875 0.8745332625 0.49667309531250003 0.9263127687500001 0.519165528125 0.9148809015625 0.5150341796875 0.8634377687500001
0 0.7797429203124999 0.6193353 0.7560263671875 0.6247145921875 0.7587805171875 0.6771668453124999 0.783568115625 0.670442059375 0.7797429203124999 0.6193353
0 0.617704590625 0.6048771453125 0.5955180671875 0.603195815625 0.59490600625 0.6536303640625001 0.6181635734375 0.65598390625 0.617704590625 0.6048771453125
0 0.592216553125 0.3149034328125 0.570509521875 0.30717435625 0.5670927734375 0.35531545000000003 0.5897041015625 0.3608363734375 0.592216553125 0.3149034328125
0 0.5914125968749999 0.1930053640625 0.569705565625 0.196097103125 0.5719165046875 0.2440171671875 0.5933220218749999 0.2409254296875 0.5914125968749999 0.1930053640625
0 0.48817480468749996 0.0486802578125 0.46473730468749996 0.058204398437500006 0.46955322343750006 0.10794313281250001 0.49299072343750006 0.0970075109375 0.48817480468749996 0.0486802578125