0 0.999755859375 0.509445815625 0.986580078125 0.47646405625000005 0.9724943843749999 0.5089383046875 0.9862336421875 0.54445761875 0.999755859375 0.509445815625
0 0.6421718750000001 0.497521459375 0.621158690625 0.48762714531249995 0.61400024375 0.5355777890625 0.6361679687499999 0.546487125 0.6421718750000001 0.497521459375
0 0.6531401375 0.792584228125 0.6294716796875 0.7948674890625 0.6284323734374999 0.8448481765625001 0.6522165531249999 0.8466239265625 0.6531401375 0.792584228125
0 0.48919140624999996 0.640866415625 0.46506079062500005 0.64797049375 0.46806274375 0.6984581546874999 0.4915004890625 0.69389163125 0.48919140624999996 0.640866415625
0 0.42407348593750005 0.688563840625 0.3995966796875 0.6796840125 0.39544018593749997 0.7304254296875 0.41957079999999997 0.738797746875 0.42407348593750005 0.688563840625
0 0.2723630375 0.7948674890625 0.24719335937500003 0.8159254296875 0.25596826093749997 0.8692038625 0.28044506875 0.8481459234375001 0.2723630375 0.7948674890625
0 0.7825676265625 0.795375 0.7836066890625 0.8516979609374999 0.8087763671875001 0.8496684546875001 0.8077370609375001 0.7935987124999999 0.7825676265625 0.795375
0 0.637091796875 0.1311668453125 0.614924071875 0.1301523609375 0.6145776359374999 0.17911802500000001 0.6368608390625 0.182416309375 0.637091796875 0.1311668453125
0 0.6216743171875 0.3031469953125 0.5992993156249999 0.3119050421875 0.6033547359375 0.36168669531250003 0.6257995609375 0.35262178125 0.6216743171875 0.3031469953125
0 0.5177705078125 0.2711883046875 0.49343774375000005 0.2759511796875 0.49553539999999996 0.3289597640625 0.5202878421875 0.3252725328125 0.5177705078125 0.2711883046875
0 0.36757861406250003 0.2917773609375 0.34394506874999997 0.31405633125 0.3527551265625 0.3664501078125 0.37750756875 0.3454002140625 0.36757861406250003 0.2917773609375
0 0.272275390625 0.28977950625000004 0.24906127968749997 0.3151314375 0.2601088859375 0.365067059375 0.2836025390625 0.33971512812500004 0.272275390625 0.28977950625000004