0 0.5011572265625001 0.11328862656250001 0.48006640625 0.114515021875 0.4806242671875 0.15902092343750002 0.5017150874999999 0.1585305796875 0.5011572265625001 0.11328862656250001
0 0.5412741703124999 0.2442328328125 0.51839795 0.249504828125 0.5209089359375 0.29867060156249997 0.543896728125 0.29425643749999997 0.5412741703124999 0.2442328328125
0 0.631384278125 0.38878648125000004 0.6109072265625 0.38878648125000004 0.61202319375 0.43415128750000004 0.6320539546874999 0.43353809062500004 0.631384278125 0.38878648125000004
0 0.6074479984375001 0.49324731718750003 0.6037097171875 0.5398379828125 0.6240192875 0.5495241421875 0.6273671875 0.5042821890625 0.6074479984375001 0.49324731718750003
0 0.5038911140625 0.7015568671875 0.4825771484375 0.7079324031249999 0.484697509375 0.7553809015625 0.5067368171875 0.7496185625 0.5038911140625 0.7015568671875
0 0.440451415625 0.6905219953125 0.419025878125 0.6842693140625 0.41612451093749997 0.7323310078125 0.43788476562499995 0.7369903437499999 0.440451415625 0.6905219953125
0 0.64176904375 0.79252950625 0.6206057125 0.7891207078125 0.6183896484375 0.8363556859375001 0.6406611328125 0.8431732828125 0.64176904375 0.79252950625
0 0.794787596875 0.84779935625 0.7719621578125 0.84852950625 0.7725163578124999 0.90039109375 0.7957849125 0.8977129828124999 0.794787596875 0.84779935625
0 0.3124636234375 0.8380600859375 0.30459667968750004 0.7903379828125 0.2831008296875 0.8100600859375 0.2901921390625 0.8587559015625 0.3124636234375 0.8380600859375
0 0.302712890625 0.33649034375000003 0.2823251953125 0.3608379828125 0.2918542484375 0.404177575 0.31301757812500003 0.381290771875 0.302712890625 0.33649034375000003
0 0.3964519046875 0.37982993593750003 0.387587890625 0.3352725328125 0.3662853484375 0.35591715625 0.37473461874999997 0.4005257515625 0.3964519046875 0.37982993593750003