0 0.2329367671875 0.1935397 0.20999072187499998 0.22257027968749998 0.22204321249999998 0.26942757500000003 0.24452563437500002 0.23988733906249998 0.2329367671875 0.1935397
0 0.3210124515625 0.1736765015625 0.2992253421875 0.1996512875 0.309423584375 0.24498015 0.3328330078125 0.2184957078125 0.3210124515625 0.1736765015625
0 0.48209814375000004 0.0595895921875 0.45822485312500005 0.0687575109375 0.46239697187499995 0.1186700640625 0.48627001875 0.1069560078125 0.48209814375000004 0.0595895921875
0 0.562988525 0.205762875 0.5655380859375 0.252110515625 0.5873251953125 0.25058261875 0.5843120125000001 0.2016883046875 0.562988525 0.205762875
0 0.585470946875 0.3239238203125 0.5636838375 0.3152655578125 0.5613662109375 0.36568776875000003 0.5829213875 0.370271459375 0.585470946875 0.3239238203125
0 0.396572021875 0.553625 0.373162353125 0.5510783265625 0.372467040625 0.60455633125 0.3968037109375 0.60506545 0.396572021875 0.553625
0 0.46077441406249997 0.543438840625 0.438523925 0.5541341203125 0.4424641109375 0.606593884375 0.465178221875 0.5958980687500001 0.46077441406249997 0.543438840625
0 0.6121254875 0.6162703859375 0.588947753125 0.61423336875 0.5873251953125 0.6651646999999999 0.6118937984375 0.6672022531249999 0.6121254875 0.6162703859375
0 0.508984375 0.8750021453124999 0.4853430171875 0.8856979609375 0.4888195796875 0.9381571890625 0.5124609375 0.930517703125 0.508984375 0.8750021453124999
0 0.25377685625 0.676686159375 0.231481934375 0.7000321890625 0.24234765625 0.7486700640625 0.2639182125 0.7232017171875 0.25377685625 0.676686159375
0 0.77267944375 0.629640021875 0.7490966796875 0.6354763953125 0.7518332515624999 0.68995064375 0.7764624015625 0.681284334375 0.77267944375 0.629640021875