0 0.30722167968749997 0.3285928109375 0.2858735359375 0.3518347640625 0.2968386234375 0.3966142703125 0.31711962968749996 0.3725187765625 0.30722167968749997 0.3285928109375
0 0.40125146562499997 0.37081276875 0.39125659218750003 0.32411480625 0.36893774375 0.34607778906250003 0.36922900468750003 0.346717275 0.3787387703125 0.39000375468750004 0.40125146562499997 0.37081276875
0 0.3109091796875 0.7812870171874999 0.28878466875000003 0.7985590124999999 0.2971298828125 0.8469629828125 0.3186723625 0.8275584765625 0.3109091796875 0.7812870171874999
0 0.445888915625 0.6800010734375 0.424540528125 0.673177575 0.421435303125 0.722008046875 0.4430747078125 0.7254200640625 0.445888915625 0.6800010734375
0 0.5093515625 0.69002306875 0.4874211421875 0.6957805796875001 0.4895559078125 0.74183905625 0.5100307609375 0.7380005359374999 0.5093515625 0.69002306875
0 0.8015588375 0.8329087984375001 0.7775485843750001 0.835482296875 0.779744628125 0.884060621875 0.8003876953125 0.8853476390624999 0.8015588375 0.8329087984375001
0 0.626021240625 0.7753224249999999 0.6238251953125 0.8245439921875001 0.6450534671875 0.8293696359375 0.6475424796875 0.7791829406249999 0.626021240625 0.7753224249999999
0 0.6329021 0.4918953859375 0.6125520015625 0.4825659875 0.607720703125 0.5279270390625 0.62865649375 0.5385434546875 0.6329021 0.4918953859375
0 0.6368549812500001 0.3764012875 0.6159191890625 0.3760793984375 0.61577295 0.42111909843750006 0.6370014640624999 0.4227274671875 0.6368549812500001 0.3764012875
0 0.5450600578125 0.2329184546875 0.5222211921875 0.2374222109375 0.5255883781249999 0.285679184375 0.54710961875 0.282140021875 0.5450600578125 0.2329184546875
0 0.5043598640625 0.1010171671875 0.4829848640625 0.10133905624999999 0.48459545937500004 0.1470219953125 0.505970215625 0.145734978125 0.5043598640625 0.1010171671875